75.66666666666667
50.333333333333336
55.333333333333336
46.0
39.666666666666664
57.666666666666664
76.33333333333333
80.33333333333333
83.0
66.33333333333333
41.0
72.0
75.0
73.33333333333333
87.0
58.333333333333336
59.333333333333336
61.0
66.0
75.66666666666667
62.666666666666664
31.666666666666668
60.666666666666664
69.0
46.666666666666664
54.0
51.333333333333336
54.333333333333336
81.33333333333333
56.666666666666664
61.666666666666664
79.0
69.33333333333333
58.0
70.33333333333333
49.333333333333336
71.33333333333333
88.66666666666667
43.333333333333336
44.666666666666664
70.66666666666667
53.666666666666664
60.333333333333336
78.0
66.33333333333333
66.66666666666667
68.66666666666667
60.0
65.66666666666667
70.66666666666667
57.666666666666664
63.666666666666664
46.666666666666664
70.66666666666667
59.333333333333336
68.0
47.333333333333336
81.0
56.333333333333336
60.0
50.333333333333336
89.66666666666667
59.0
62.0
47.666666666666664
49.333333333333336
66.0
66.33333333333333
65.0
43.333333333333336
50.666666666666664
81.0
73.33333333333333
58.0
34.666666666666664
63.666666666666664
56.333333333333336
62.333333333333336
52.666666666666664
54.666666666666664
65.33333333333333
44.0
57.333333333333336
80.0
72.33333333333333
60.666666666666664
58.666666666666664
63.666666666666664
62.666666666666664
66.33333333333333
44.0
49.333333333333336
67.66666666666667
50.0
50.333333333333336
79.0
53.666666666666664
60.333333333333336
80.66666666666667
75.0
52.333333333333336
80.66666666666667
65.33333333333333
67.66666666666667
66.66666666666667
41.333333333333336
76.66666666666667
38.0
64.73148148148148 59.0 62.111111111111114